harry potter
2
4
20
37
41
43
45
77
78
146
180
373
795



stock
716
153
343
7
74
278
77
66
39
81
3
1557
154


==============




lord of the rings
16
304
29
31
34
38
46
130
258
277
59
60

stock

55
52
60
113
82
582
533
110
495
69
33
247



============

hobes
1
3
5
6
9
10
12
14

stock
1
4
10
13
22
23
25
29

============


Sking
28
136
154
160
303
393
394
468
473
640
763

stock
308
914
754
296
755
1491
905
51
581
258
1241

=============
gaiman
11
26
32
313
342
448
560
571

stock
24
47
56
600
661
865
1082
1104